// Tabela das aplica‡”es lineares utilizadas no programa "IFS.PAS".
//
// a        b        c        d        e        f         n§apl
//
  0.50000  0.00000  0.00000  0.50000  0.00000  0.00000    //1
  0.50000  0.00000  0.00000  0.50000  0.50000  0.00000    //2
  0.50000  0.00000  0.00000  0.50000  0.00000  0.50000    //3
  0.50000  0.00000  0.00000  0.50000  0.25000  0.50000    //4
  0.00000 -0.50000  0.50000  0.00000  0.50000  0.00000    //5
  0.00000  0.50000 -0.50000  0.00000  0.50000  0.50000    //6
  0.00000 -0.33333  1.00000  0.00000  0.33333  0.00000    //7
  0.33333  0.00000  0.00000  0.33333  0.33333  0.66667    //8
  0.00000  0.33333  1.00000  0.00000  0.66667  0.00000    //9
  0.33333  0.00000  0.00000  0.33333  0.33333  0.33333    //10
  0.33333  0.00000  0.00000  0.33333  0.00000  0.66667    //11
  0.50000  0.29000  0.29000 -0.50000  0.00000  0.33333    //12
  0.50000 -0.29000 -0.29000 -0.50000  0.50000  0.62333    //13
  0.33333  0.00000  0.00000  0.33333  0.00000  0.00000    //14
  0.33333  0.00000  0.00000  0.33333  0.66667  0.00000    //15
  0.33333  0.00000  0.00000  0.33333  0.66667  0.66667    //16
  0.00000  0.66667 -0.66667  0.00000  0.00000  1.00000    //17
  0.33333  0.00000  0.00000  0.33333  0.33333  0.33333    //18
  0.25500  0.00000  0.00000  0.25500  0.37260  0.67140    //19
  0.25500  0.00000  0.00000  0.25500  0.11460  0.22320    //20
  0.25500  0.00000  0.00000  0.25500  0.63060  0.22320    //21
  0.37000 -0.64200  0.64200  0.37000  0.63560 -0.00610    //22
  0.84900  0.03700 -0.03700  0.84900  0.07500  0.18300    //23
  0.19700 -0.22600  0.22600  0.19700  0.40000  0.04900    //24
 -0.15000  0.28300  0.26000  0.23700  0.57500 -0.08400    //25
  0.00000  0.00000  0.00000  0.16000  0.50000  0.00000    //26
  0.20000  0.00000  0.00000  0.20000  0.70000  0.70000    //27
  0.00000  0.20000  0.20000  0.00000  0.00000  0.00000    //28
  0.38200  0.00000  0.00000  0.38200  0.30720  0.61900    //29
  0.38200  0.00000  0.00000  0.38200  0.60330  0.40440    //30
  0.38200  0.00000  0.00000  0.38200  0.01390  0.40440    //31
  0.38200  0.00000  0.00000  0.38200  0.12530  0.05950    //32
  0.38200  0.00000  0.00000  0.38200  0.49200  0.05950    //33
  0.19500 -0.48800  0.34400  0.44300  0.44310  0.24520    //34
  0.46200  0.41400 -0.25200  0.36100  0.25110  0.56920    //35
 -0.05800 -0.07000  0.45300 -0.11100  0.59760  0.09690    //36
 -0.03500  0.07000 -0.46900 -0.02200  0.48840  0.50690    //37
 -0.63700  0.00000  0.00000  0.50100  0.85620  0.25130    //38
  0.00000 -0.50000  0.50000  0.00000  0.50000  0.50000    //39
  0.50000  0.00000  0.50000  0.50000  0.00000  0.00000    //40
  0.50000  0.00000 -0.50000  0.50000  0.50000  0.50000    //41
  0.46140 -0.46140  0.46140  0.46140  0.20000  0.01540    //42
  0.62200  0.19600 -0.19600  0.66200  0.31740  0.25200    //43
  0.30000  0.30000  0.30000 -0.30000 -0.15000  0.65000    //44
  0.82000  0.00000  0.00000 -0.82000  0.18000  0.91000    //45
  0.50000 -0.50000  0.50000  0.50000  0.30000  0.00000    //46
 -0.50000 -0.50000  0.50000 -0.50000  0.90000  0.75000    //47
  0.00000  0.00000  0.00000  0.50000  0.50000  0.00000    //48
  0.10000  0.00000  0.00000  0.10000  0.45000  0.36000    //49
  0.42000 -0.42000  0.42000  0.42000  0.29000  0.15000    //50
  0.42000  0.42000 -0.42000  0.42000  0.29000  0.57000    //51
  0.70941  0.29993 -0.29993  0.70941  0.01000  0.31000    //52
 -0.33535  0.00114 -0.00114 -0.33535  0.41000  0.39000    //53
 -0.35811 -0.00773  0.00773 -0.35811  0.97000  0.41000    //54
 -0.49710  0.08414 -0.08414 -0.29716  0.65000  0.97000    //55
  0.50000  0.00000  0.00000  0.50000  0.25000  0.25000    //56
  0.00048  0.59807 -0.59807  0.00048  0.00000  0.80000    //57
  0.00048 -0.59807  0.59807  0.00048  1.00000  0.20000    //58
  0.25000  0.00000  0.00000  0.25000  0.10000  0.10000    //59
  0.25000  0.00000  0.00000  0.25000  0.10000  0.65000    //60
  0.25000  0.00000  0.00000  0.25000  0.65000  0.10000    //61
  0.25000  0.00000  0.00000  0.25000  0.65000  0.65000    //62
  0.50000 -0.50000  0.50000  0.50000  0.50000  0.00000    //63
  0.32783  0.00000  0.00000 -0.33217  0.33500  0.33000    //64
  0.00000 -0.22152  0.22152  0.00000  1.00000  0.78000    //65
  0.50000  0.00000  0.00000  0.50000  0.25000  0.00000    //66
  0.35546 -0.35164  0.35164  0.35546  0.49500  0.14500    //67
  0.50000  0.00000  0.00000  0.50000  0.00000  0.40000    //68
  0.50000  0.00000  0.00000  0.50000  0.50000  0.07000    //69
  0.50000  0.00000  0.00000  0.50000  0.28000  0.36000    //70
  0.50000  0.00000  0.00000  0.50000  0.09000  0.17000    //71
  0.10000  0.00000  0.00000  0.10000  0.45000  0.30000    //72
  0.42000 -0.42000  0.42000  0.42000  0.29000  0.09000    //73
  0.42000  0.42000 -0.42000  0.42000  0.29000  0.51000    //74
  0.38117  0.00000  0.00000  0.38117  0.00000  0.00000    //75
  0.38117  0.00000  0.00000  0.38117  0.62000  0.00000    //76
 -0.63700  0.00000  0.00000  0.50100  0.85620  0.44130    //77
  0.43171  0.00000  0.00000  0.43171 -0.01670 -0.02330    //78
  0.30024 -0.30000 -0.30000 -0.30000  0.15000  0.65000    //79
  0.33000  0.00000  0.20000  0.30000  0.00000  0.00000    //80
  0.33000  0.00000 -0.20000 -0.30000  0.00000  1.00000    //81
  0.33000  0.00000 -0.20000  0.30000  0.67000  0.20000    //82
  0.33000  0.00000  0.20000 -0.30000  0.67000  0.80000    //83
  0.34000  0.00000  0.00000  0.29500  0.33000  0.20000    //84
  0.34000  0.00000  0.00000 -0.30000  0.33000  0.80000    //85
  0.46140 -0.46140  0.46140  0.46140  0.30000  0.01540    //86
  0.65115  0.02613 -0.03602  0.68991  0.31740  0.25200    //87
  0.50000  0.00000  0.00000  0.50000  0.25000  0.41000    //88
  0.50000  0.00000  0.00000  0.50000  0.25000  0.25000    //89
  0.50000  0.00000  0.00000  0.50000  0.47000  0.03000    //90
  0.49640 -0.05986  0.05986  0.49640  0.05000  0.46000    //91
 -0.36870 -0.33773  0.33773 -0.36870  1.03000  0.70000    //92
  0.60000 -0.40000  0.40000  0.60000  0.40000  0.00000    //93
  0.50000  0.00000  0.00000 -0.50000  0.25000  0.50000    //94
  0.08526  0.00000  0.00000  0.08526  0.15750  0.55750    //95
  0.09056  0.00000  0.00000  0.09056  0.27000  0.21000    //96
  0.09056  0.00000  0.00000  0.09056  0.64000  0.21000    //97
  0.09056  0.00000  0.00000  0.09056  0.75250  0.55250    //98
  0.09056  0.00000  0.00000  0.09056  0.45250  0.76250    //99
  0.38200  0.00000  0.00000 -0.38200  0.30900  0.69100    //100
  0.16362 -0.16459  0.16132  0.16694  0.49920  0.33500    //101
